101000100100010011
0101000100010011
0010001000000000000000100010011
00101000100010011
000100010000100010011
0001010001010011
000010001000000000000000010001011
000010100000100010011
0000010001000000100010011
00000101000001010011
000000100010000000101011
0000001010000001010011
0000000100010000000010001011
00000001010000000101011
00000000100010000000000101011
00000000101000000000101011
0000000001000100001010011
000000000101000000000101011
0000000000100010000000000010001011
00000000001010000000000101011
00000000000100010000000000000100010011
00000000000101000000000000101011
000000000000100010100010011
000000000000101000000000000101011
0000000000000100010000000000000100010011
000000000000010100000000000000100010011
000000000000001000100000000000000000010001011
0000000000000010100000000000000100010011
0000000000000001000100000000000000000010001011
000000000000000101000000000000000100010011
0000000000000000100010000000000000000010001011
0000000000000000101000000000000000010001011
000000000000000001000100000000000000000010001011
0000000000000000010100000000000000000100010
111u